0 0 0 0 0.879134 0.0200814
1 0 0 0 0.62432 0.0120897
2 0 0 0 0.49782 0.014182
0 0 0 1 0.926843 0.0215329
1 0 0 1 0.663285 0.0130841
2 0 0 1 0.478995 0.0145719
0 0 0 2 0.833858 0.0234172
1 0 0 2 0.633074 0.01511
2 0 0 2 0.487287 0.0171573
0 0 1 0 0.845775 0.0154961
1 0 1 0 0.622162 0.00978003
2 0 1 0 0.467746 0.010931
0 0 1 1 0.888789 0.0143926
1 0 1 1 0.670564 0.00910763
2 0 1 1 0.500448 0.0102032
0 0 1 2 0.866885 0.0157674
1 0 1 2 0.622873 0.00952114
2 0 1 2 0.474128 0.0108595
0 0 2 0 0.881734 0.026658
1 0 2 0 0.664349 0.0171965
2 0 2 0 0.50697 0.019247
0 0 2 1 0.85828 0.0179289
1 0 2 1 0.666938 0.0113944
2 0 2 1 0.547667 0.0136892
0 0 2 2 0.860959 0.018244
1 0 2 2 0.664112 0.0114426
2 0 2 2 0.537423 0.0133779
0 0 3 0 1.0911 0.0718257
1 0 3 0 0.813918 0.0414222
2 0 3 0 0.463054 0.0436621
0 0 3 1 0.92351 0.0317413
1 0 3 1 0.790067 0.0226323
2 0 3 1 0.599496 0.025661
0 0 3 2 0.884549 0.0259547
1 0 3 2 0.702053 0.0165246
2 0 3 2 0.568291 0.0190261
0 0 4 0 1.31065 0.248735
1 0 4 0 1.23541 0.169939
2 0 4 0 1.13843 0.183465
0 0 4 1 1.16724 0.0897075
1 0 4 1 1.01813 0.0538734
2 0 4 1 0.772199 0.0714409
0 0 4 2 0.949856 0.042492
1 0 4 2 0.938189 0.0331967
2 0 4 2 0.788424 0.0396624
0 0 5 0 -100 -100
1 0 5 0 -100 0
2 0 5 0 -100 -100
0 0 5 1 -100 -100
1 0 5 1 -100 0
2 0 5 1 -100 -100
0 0 5 2 1.4305 0.185942
1 0 5 2 1.60227 0.153602
2 0 5 2 0.857071 0.12766
0 1 0 0 0.837876 0.0215594
1 1 0 0 0.635185 0.0138237
2 1 0 0 0.458205 0.0154339
0 1 0 1 0.832251 0.0262113
1 1 0 1 0.634159 0.0169954
2 1 0 1 0.510898 0.0204611
0 1 0 2 0.839562 0.041408
1 1 0 2 0.565185 0.0232906
2 1 0 2 0.463994 0.0282869
0 1 1 0 0.848338 0.0171809
1 1 1 0 0.625849 0.0106542
2 1 1 0 0.472419 0.0122922
0 1 1 1 0.88503 0.0190652
1 1 1 1 0.618683 0.0111103
2 1 1 1 0.474141 0.013043
0 1 1 2 0.82239 0.022963
1 1 1 2 0.609989 0.0139526
2 1 1 2 0.460717 0.0159413
0 1 2 0 0.88137 0.0230888
1 1 2 0 0.626989 0.0139643
2 1 2 0 0.467861 0.0158419
0 1 2 1 0.885373 0.0206325
1 1 2 1 0.644141 0.0124852
2 1 2 1 0.47911 0.0143257
0 1 2 2 0.868243 0.0242379
1 1 2 2 0.632896 0.0144861
2 1 2 2 0.507088 0.0169661
0 1 3 0 0.921487 0.0385545
1 1 3 0 0.75487 0.0257728
2 1 3 0 0.529886 0.0289077
0 1 3 1 0.855806 0.0277925
1 1 3 1 0.721443 0.0182405
2 1 3 1 0.580901 0.0222423
0 1 3 2 0.946585 0.0317229
1 1 3 2 0.670601 0.0179384
2 1 3 2 0.505062 0.0213194
0 1 4 0 1.10265 0.0886965
1 1 4 0 0.946077 0.0559968
2 1 4 0 0.61757 0.0633603
0 1 4 1 1.00657 0.0446652
1 1 4 1 0.863187 0.0293744
2 1 4 1 0.638201 0.0342705
0 1 4 2 0.939994 0.0375393
1 1 4 2 0.794655 0.0247617
2 1 4 2 0.681536 0.0321384
0 1 5 0 2.04874 0.417395
1 1 5 0 1.83694 0.244467
2 1 5 0 -100 -100
0 1 5 1 1.38837 0.137665
1 1 5 1 1.23891 0.0829387
2 1 5 1 1.04322 0.123885
0 1 5 2 1.33373 0.0819368
1 1 5 2 1.22117 0.0529493
2 1 5 2 1.0251 0.0715983
0 2 0 0 0.839308 0.0263145
1 2 0 0 0.601503 0.0158511
2 2 0 0 0.391763 0.0168913
0 2 0 1 0.90233 0.0378346
1 2 0 1 0.605457 0.0215817
2 2 0 1 0.505 0.026963
0 2 0 2 0.818424 0.0648666
1 2 0 2 0.597462 0.0384133
2 2 0 2 0.414941 0.0420602
0 2 1 0 0.928827 0.0242262
1 2 1 0 0.645781 0.0138961
2 2 1 0 0.460291 0.0155177
0 2 1 1 0.877401 0.0258174
1 2 1 1 0.609514 0.0149448
2 2 1 1 0.429077 0.0164659
0 2 1 2 0.870859 0.0338674
1 2 1 2 0.569679 0.0184827
2 2 1 2 0.411681 0.021974
0 2 2 0 0.934111 0.0275087
1 2 2 0 0.653721 0.0157378
2 2 2 0 0.45543 0.0175813
0 2 2 1 0.879237 0.0269611
1 2 2 1 0.60905 0.0155784
2 2 2 1 0.498352 0.0193776
0 2 2 2 0.7826 0.0296936
1 2 2 2 0.600854 0.0190925
2 2 2 2 0.437585 0.0213079
0 2 3 0 0.919965 0.0373403
1 2 3 0 0.710029 0.0239827
2 2 3 0 0.517931 0.0291716
0 2 3 1 0.940486 0.0358927
1 2 3 1 0.750169 0.0226515
2 2 3 1 0.515993 0.0247451
0 2 3 2 0.82874 0.0355485
1 2 3 2 0.643396 0.0230121
2 2 3 2 0.499524 0.02802
0 2 4 0 0.960884 0.0631118
1 2 4 0 0.776755 0.037128
2 2 4 0 0.546612 0.0488591
0 2 4 1 0.961414 0.0443935
1 2 4 1 0.802902 0.0288746
2 2 4 1 0.542352 0.0333032
0 2 4 2 1.05864 0.050891
1 2 4 2 0.708046 0.0277073
2 2 4 2 0.581897 0.0359389
0 2 5 0 1.51106 0.2217
1 2 5 0 1.33795 0.124716
2 2 5 0 1.10623 0.179605
0 2 5 1 1.24714 0.0828335
1 2 5 1 1.16635 0.0579102
2 2 5 1 0.818343 0.0699024
0 2 5 2 1.18266 0.0677711
1 2 5 2 1.00699 0.0417206
2 2 5 2 0.70181 0.049427
0 3 0 0 0.930009 0.0350948
1 3 0 0 0.678012 0.0217168
2 3 0 0 0.467919 0.0232491
0 3 0 1 1.00491 0.051154
1 3 0 1 0.587426 0.0258213
2 3 0 1 0.450372 0.0330478
0 3 0 2 0.677198 0.06166
1 3 0 2 0.519624 0.0387907
2 3 0 2 0.262514 0.0429674
0 3 1 0 0.895545 0.0295536
1 3 1 0 0.644155 0.0177634
2 3 1 0 0.447181 0.0202752
0 3 1 1 0.930444 0.0364644
1 3 1 1 0.600736 0.0190665
2 3 1 1 0.421791 0.0230242
0 3 1 2 0.823971 0.0438209
1 3 1 2 0.57615 0.0257802
2 3 1 2 0.433306 0.0298932
0 3 2 0 0.869099 0.0310395
1 3 2 0 0.613447 0.0178754
2 3 2 0 0.416763 0.0208866
0 3 2 1 0.922876 0.0351396
1 3 2 1 0.611297 0.0203302
2 3 2 1 0.478595 0.0258086
0 3 2 2 0.822256 0.0408163
1 3 2 2 0.637401 0.0266671
2 3 2 2 0.397144 0.0280874
0 3 3 0 0.848309 0.0408309
1 3 3 0 0.740633 0.0281757
2 3 3 0 0.448296 0.0325952
0 3 3 1 0.944497 0.0469787
1 3 3 1 0.651676 0.0246367
2 3 3 1 0.437621 0.0306297
0 3 3 2 0.921507 0.0519916
1 3 3 2 0.621765 0.0288816
2 3 3 2 0.360789 0.0348903
0 3 4 0 1.0301 0.0666554
1 3 4 0 0.681964 0.0348279
2 3 4 0 0.490831 0.0470377
0 3 4 1 0.899457 0.0504993
1 3 4 1 0.697706 0.029451
2 3 4 1 0.514044 0.0397043
0 3 4 2 1.03668 0.0634027
1 3 4 2 0.669372 0.0330802
2 3 4 2 0.511663 0.0462882
0 3 5 0 1.70415 0.200987
1 3 5 0 1.27019 0.100585
2 3 5 0 0.964693 0.138941
0 3 5 1 1.05012 0.0746657
1 3 5 1 1.04435 0.0537174
2 3 5 1 0.632408 0.0645262
0 3 5 2 1.09339 0.0670267
1 3 5 2 0.835864 0.0397166
2 3 5 2 0.549031 0.0469192
0 4 0 0 0.838633 0.0383887
1 4 0 0 0.631659 0.0229189
2 4 0 0 0.368885 0.0244977
0 4 0 1 0.945539 0.061864
1 4 0 1 0.628235 0.0334208
2 4 0 1 0.38591 0.0408555
0 4 0 2 0.726177 0.112603
1 4 0 2 0.605302 0.0700979
2 4 0 2 0.172205 0.0620342
0 4 1 0 0.840653 0.0341727
1 4 1 0 0.595317 0.0202006
2 4 1 0 0.379884 0.0240043
0 4 1 1 0.885866 0.0467205
1 4 1 1 0.659701 0.0264533
2 4 1 1 0.434538 0.0339329
0 4 1 2 0.842125 0.0641669
1 4 1 2 0.565476 0.0359737
2 4 1 2 0.299792 0.045265
0 4 2 0 0.821226 0.037651
1 4 2 0 0.621916 0.0225305
2 4 2 0 0.340508 0.0264175
0 4 2 1 0.809079 0.0420788
1 4 2 1 0.586616 0.0253382
2 4 2 1 0.347419 0.0294017
0 4 2 2 0.896872 0.0697031
1 4 2 2 0.627154 0.0374254
2 4 2 2 0.387014 0.0522272
0 4 3 0 0.76862 0.0469227
1 4 3 0 0.546293 0.0265791
2 4 3 0 0.297047 0.033315
0 4 3 1 0.746692 0.0493603
1 4 3 1 0.553129 0.0279888
2 4 3 1 0.370497 0.037849
0 4 3 2 0.792581 0.0663683
1 4 3 2 0.525965 0.0357717
2 4 3 2 0.26652 0.0534256
0 4 4 0 0.842396 0.0675073
1 4 4 0 0.562172 0.0354957
2 4 4 0 0.319318 0.0509886
0 4 4 1 1.03309 0.0769989
1 4 4 1 0.730832 0.0418537
2 4 4 1 0.496143 0.0595181
0 4 4 2 0.915118 0.0868724
1 4 4 2 0.61376 0.0423613
2 4 4 2 0.307852 0.0590927
0 4 5 0 1.93384 0.236236
1 4 5 0 1.45045 0.138844
2 4 5 0 1.13876 0.295109
0 4 5 1 0.804603 0.0657728
1 4 5 1 0.654325 0.0408038
2 4 5 1 0.526431 0.0673531
0 4 5 2 1.00171 0.0768226
1 4 5 2 0.745034 0.0469944
2 4 5 2 0.393436 0.0567402
0 5 0 0 0.795921 0.0306726
1 5 0 0 0.537937 0.0173705
2 5 0 0 0.320833 0.0208012
0 5 0 1 0.805076 0.0485774
1 5 0 1 0.49119 0.0256882
2 5 0 1 0.266427 0.0272099
0 5 0 2 0.622826 0.119976
1 5 0 2 0.345341 0.0612867
2 5 0 2 0.146537 0.0599036
0 5 1 0 0.743183 0.0314669
1 5 1 0 0.508052 0.0179401
2 5 1 0 0.288805 0.0207654
0 5 1 1 0.728403 0.0378443
1 5 1 1 0.480289 0.0216085
2 5 1 1 0.267154 0.0288144
0 5 1 2 0.770837 0.068977
1 5 1 2 0.449357 0.0338293
2 5 1 2 0.213582 0.0432412
0 5 2 0 0.676188 0.0324822
1 5 2 0 0.440712 0.0179603
2 5 2 0 0.278103 0.0256087
0 5 2 1 0.721874 0.0434985
1 5 2 1 0.453855 0.0239376
2 5 2 1 0.271847 0.0290621
0 5 2 2 0.711039 0.066098
1 5 2 2 0.449346 0.0331891
2 5 2 2 0.156189 0.0298748
0 5 3 0 0.698184 0.0441337
1 5 3 0 0.48406 0.0250201
2 5 3 0 0.262381 0.0338224
0 5 3 1 0.785519 0.0551933
1 5 3 1 0.536548 0.0303357
2 5 3 1 0.21665 0.0292417
0 5 3 2 0.716828 0.0658162
1 5 3 2 0.442958 0.0354275
2 5 3 2 0.171371 0.0445434
0 5 4 0 1.23317 0.104842
1 5 4 0 0.894242 0.0599603
2 5 4 0 0.523264 0.0990995
0 5 4 1 0.709613 0.0556228
1 5 4 1 0.443192 0.0296926
2 5 4 1 0.272133 0.0522068
0 5 4 2 0.633649 0.0733456
1 5 4 2 0.443682 0.0385848
2 5 4 2 0.259764 0.0698751
0 5 5 0 3.77888 0.567463
1 5 5 0 2.6549 0.256592
2 5 5 0 1.3058 0.258401
0 5 5 1 2.11573 0.198645
1 5 5 1 1.2362 0.0818758
2 5 5 1 0.835321 0.0919586
0 5 5 2 0.812091 0.0930667
1 5 5 2 0.810131 0.0582992
2 5 5 2 0.269939 0.0826948
