0 0 0 0 0.880548 0.0203817
1 0 0 0 0.637416 0.0124106
2 0 0 0 0.469143 0.0137281
0 0 0 1 0.840974 0.0191732
1 0 0 1 0.625283 0.0119447
2 0 0 1 0.48103 0.0140968
0 0 0 2 0.873946 0.0230365
1 0 0 2 0.619635 0.0133335
2 0 0 2 0.446969 0.0151924
0 0 0 3 0.885008 0.0281411
1 0 0 3 0.649319 0.0167702
2 0 0 3 0.458511 0.0196093
0 0 0 4 0.82865 0.0325554
1 0 0 4 0.58855 0.018115
2 0 0 4 0.39805 0.0230228
0 0 0 5 0.723025 0.0290301
1 0 0 5 0.522072 0.0169996
2 0 0 5 0.334676 0.0210659
0 0 1 0 0.874567 0.0178769
1 0 1 0 0.674963 0.0112302
2 0 1 0 0.515455 0.0128542
0 0 1 1 0.87972 0.0207629
1 0 1 1 0.652161 0.0125397
2 0 1 1 0.504246 0.0149689
0 0 1 2 0.846241 0.025606
1 0 1 2 0.653062 0.0158969
2 0 1 2 0.453477 0.0176149
0 0 1 3 0.908315 0.0334005
1 0 1 3 0.669653 0.0197819
2 0 1 3 0.473546 0.024195
0 0 1 4 0.898308 0.0477474
1 0 1 4 0.667549 0.0268695
2 0 1 4 0.501624 0.0339309
0 0 1 5 0.819492 0.0471965
1 0 1 5 0.531419 0.024913
2 0 1 5 0.278137 0.025786
0 0 2 0 0.840816 0.0170318
1 0 2 0 0.643077 0.0105981
2 0 2 0 0.507706 0.0121355
0 0 2 1 0.844236 0.0230054
1 0 2 1 0.645894 0.0138269
2 0 2 1 0.512909 0.0162776
0 0 2 2 0.844652 0.0302082
1 0 2 2 0.652177 0.0183953
2 0 2 2 0.521666 0.0211966
0 0 2 3 0.963946 0.0410225
1 0 2 3 0.650619 0.0233097
2 0 2 3 0.432218 0.0267183
0 0 2 4 0.870875 0.0554511
1 0 2 4 0.574924 0.0312224
2 0 2 4 0.365723 0.0368136
0 0 2 5 0.765061 0.0611213
1 0 2 5 0.447633 0.0285203
2 0 2 5 0.239351 0.0400728
0 1 0 0 0.854949 0.0171201
1 1 0 0 0.639487 0.0108689
2 1 0 0 0.422206 0.00994761
0 1 0 1 0.876176 0.0173642
1 1 0 1 0.713041 0.0114762
2 1 0 1 0.47686 0.0123201
0 1 0 2 0.913119 0.0207876
1 1 0 2 0.65529 0.0120928
2 1 0 2 0.467812 0.0131816
0 1 0 3 0.867473 0.0234294
1 1 0 3 0.655054 0.0142527
2 1 0 3 0.463263 0.0162655
0 1 0 4 0.847193 0.0271652
1 1 0 4 0.607699 0.0156558
2 1 0 4 0.387367 0.017766
0 1 0 5 0.759162 0.0240948
1 1 0 5 0.513347 0.0132669
2 1 0 5 0.325977 0.01557
0 1 1 0 0.887425 0.0170582
1 1 1 0 0.684647 0.0109221
2 1 1 0 0.566076 0.0133389
0 1 1 1 0.857177 0.0188436
1 1 1 1 0.663157 0.0119475
2 1 1 1 0.512551 0.0141979
0 1 1 2 0.908919 0.0252458
1 1 1 2 0.645119 0.0144723
2 1 1 2 0.534349 0.018007
0 1 1 3 0.899117 0.030987
1 1 1 3 0.627115 0.017061
2 1 1 3 0.51826 0.0229207
0 1 1 4 0.911703 0.0402774
1 1 1 4 0.657615 0.02305
2 1 1 4 0.420584 0.0278178
0 1 1 5 0.823086 0.0378747
1 1 1 5 0.54667 0.0213837
2 1 1 5 0.347277 0.0268804
0 1 2 0 0.839337 0.0169289
1 1 2 0 0.651988 0.0108966
2 1 2 0 0.494474 0.0122765
0 1 2 1 0.921909 0.0243819
1 1 2 1 0.659774 0.0142031
2 1 2 1 0.532678 0.0170479
0 1 2 2 0.927471 0.0323616
1 1 2 2 0.640511 0.0181145
2 1 2 2 0.488024 0.0208452
0 1 2 3 0.947051 0.0396466
1 1 2 3 0.693945 0.0237648
2 1 2 3 0.451424 0.0268814
0 1 2 4 0.852937 0.0491117
1 1 2 4 0.610889 0.029122
2 1 2 4 0.399178 0.0394206
0 1 2 5 0.68161 0.0503914
1 1 2 5 0.452389 0.0259278
2 1 2 5 0.28815 0.0373556
0 2 0 0 0.929496 0.0231511
1 2 0 0 0.685185 0.0146335
2 2 0 0 0.556206 0.0175151
0 2 0 1 0.882637 0.0222168
1 2 0 1 0.67561 0.0142934
2 2 0 1 0.506856 0.0163177
0 2 0 2 0.915071 0.026683
1 2 0 2 0.689471 0.0165544
2 2 0 2 0.488091 0.0190863
0 2 0 3 0.914833 0.0321598
1 2 0 3 0.709917 0.0199799
2 2 0 3 0.525618 0.0237774
0 2 0 4 0.848774 0.0334099
1 2 0 4 0.644611 0.0205755
2 2 0 4 0.338874 0.0226324
0 2 0 5 0.783232 0.0315518
1 2 0 5 0.555761 0.0180512
2 2 0 5 0.340889 0.0215588
0 2 1 0 0.929671 0.015738
1 2 1 0 0.70636 0.0100723
2 2 1 0 0.54012 0.0116043
0 2 1 1 0.887375 0.0173581
1 2 1 1 0.665775 0.0107494
2 2 1 1 0.517397 0.012912
0 2 1 2 0.907736 0.0220319
1 2 1 2 0.700164 0.0136634
2 2 1 2 0.52342 0.0160217
0 2 1 3 0.904377 0.0272192
1 2 1 3 0.655918 0.0158887
2 2 1 3 0.488659 0.0192843
0 2 1 4 0.806878 0.028347
1 2 1 4 0.628922 0.0177196
2 2 1 4 0.461857 0.0228134
0 2 1 5 0.813704 0.0279534
1 2 1 5 0.562198 0.0161597
2 2 1 5 0.312369 0.0191606
0 2 2 0 0.882492 0.0158207
1 2 2 0 0.666315 0.00989743
2 2 2 0 0.539181 0.0117544
0 2 2 1 0.903527 0.0212651
1 2 2 1 0.675654 0.0125773
2 2 2 1 0.536579 0.0155656
0 2 2 2 0.916614 0.0276632
1 2 2 2 0.675324 0.0168537
2 2 2 2 0.521088 0.0204355
0 2 2 3 0.914927 0.0330277
1 2 2 3 0.672071 0.0205348
2 2 2 3 0.484856 0.0230426
0 2 2 4 0.878014 0.0403786
1 2 2 4 0.646727 0.0240099
2 2 2 4 0.379918 0.029663
0 2 2 5 0.741587 0.0376973
1 2 2 5 0.580746 0.0231664
2 2 2 5 0.287026 0.0285627
