5.014 2.39351 17.2663
5.014 2.10712 18.2779
5.014 1.90958 19.166
5.014 1.72663 20.1435
5.014 1.55161 21.2491
5.014 1.37198 22.6102
5.014 1.19726 24.2242
5.014 1.02805 26.1736
5.014 0.854582 28.7647
5.014 2.44962 17.77
5.014 2.11232 19.1128
5.014 1.91242 20.0873
5.014 1.72765 21.1453
5.014 1.55281 22.3157
5.014 1.37262 23.7543
5.014 1.19816 25.449
5.014 1.0285 27.5082
5.014 0.853747 30.2809
5.014 2.43732 18.6051
5.014 2.11283 19.9867
5.014 1.91263 21.0171
5.014 1.72845 22.115
5.014 1.5531 23.3512
5.014 1.37338 24.8518
5.014 1.19853 26.6372
5.014 1.02802 28.8159
5.014 0.853959 31.7005
5.014 2.4067 19.6126
5.014 2.11384 20.935
5.014 1.91347 22.0201
5.014 1.72872 23.1776
5.014 1.55371 24.4699
5.014 1.37325 26.0603
5.014 1.19808 27.937
5.014 1.02834 30.211
5.014 0.857386 33.1578
5.014 2.37278 20.709
5.014 2.11373 21.9685
5.014 1.91385 23.1024
5.014 1.7287 24.3266
5.014 1.55336 25.6906
5.014 1.37348 27.3514
5.014 1.19853 29.3248
5.014 1.03108 31.6576
5.014 0.851417 35.001
5.014 2.33482 21.8339
5.014 2.1135 22.994
5.014 1.91372 24.1827
5.014 1.72851 25.4647
5.014 1.55338 26.8895
5.014 1.3737 28.6319
5.014 1.2007 30.6552
5.014 1.02625 33.276
5.014 0.855898 36.5345
5.014 2.28243 23.3563
5.014 2.10949 25.0329
5.014 1.91373 26.3885
5.014 1.72905 27.7439
5.014 1.55383 29.3071
5.014 1.37363 31.2979
5.014 1.19782 33.6132
5.014 1.02988 36.2113
5.014 0.857252 39.8097
5.014 0 0
5.014 2.05258 27.7313
5.014 1.90009 29.6527
5.014 1.72768 31.5871
5.014 1.5535 33.3319
5.014 1.37438 35.4814
5.014 1.20083 37.9828
5.014 1.0292 41.2769
5.014 0.855998 45.4636
5.014 0 0
5.014 0 0
5.014 0 0
5.014 1.69888 34.4949
5.014 1.54817 36.8898
5.014 1.3706 40.1151
5.014 1.19897 43.5283
5.014 1.03681 45.9612
5.014 0.89596 48.4089
