5.014 2.32014 17.5161
5.014 1.95293 18.9657
5.014 1.67858 20.4377
5.014 1.4143 22.2798
5.014 1.15029 24.7441
5.014 0.89418 28.1463
5.014 2.39253 17.992
5.014 1.96044 19.8474
5.014 1.68083 21.4503
5.014 1.41616 23.3957
5.014 1.15247 25.9808
5.014 0.893142 29.627
5.014 2.38523 18.8216
5.014 1.96086 20.7635
5.014 1.68269 22.4283
5.014 1.41731 24.4745
5.014 1.1518 27.2127
5.014 0.893745 31.01
5.014 2.35532 19.8397
5.014 1.96293 21.7451
5.014 1.68318 23.5042
5.014 1.41747 25.6586
5.014 1.15252 28.5219
5.014 0.898195 32.4248
5.014 2.32198 20.9515
5.014 1.96384 22.8114
5.014 1.68307 24.6716
5.014 1.4175 26.9329
5.014 1.1533 29.9316
5.014 0.891485 34.2141
5.014 2.28437 22.094
5.014 1.96325 23.8812
5.014 1.68317 25.8225
5.014 1.41803 28.1892
5.014 1.15678 31.2894
5.014 0.894254 35.7713
5.014 2.21854 24.0254
5.014 1.96319 26.0604
5.014 1.68413 28.1284
5.014 1.41825 30.7889
5.014 1.15209 34.2926
5.014 0.899888 38.8696
5.014 2.11753 26.9544
5.014 1.92318 29.3616
5.014 1.68138 32.0334
5.014 1.41903 34.9321
5.014 1.15783 38.7696
5.014 0.895919 44.4699
5.014 0 0
5.014 0 0
5.014 1.64158 35.398
5.014 1.41153 39.348
5.014 1.15839 44.1285
5.014 0.948703 47.4464
