5.014 2.39351 17.2663
5.014 2.10712 18.2779
5.014 1.90958 19.166
5.014 1.72663 20.1435
5.014 1.55161 21.2491
5.014 1.37198 22.6102
5.014 1.01639 26.5228
5.014 2.44962 17.77
5.014 2.11232 19.1128
5.014 1.91242 20.0873
5.014 1.72765 21.1453
5.014 1.55281 22.3157
5.014 1.37262 23.7543
5.014 1.01938 27.852
5.014 2.43732 18.6051
5.014 2.11283 19.9867
5.014 1.91263 21.0171
5.014 1.72845 22.115
5.014 1.5531 23.3512
5.014 1.37338 24.8518
5.014 1.01777 29.185
5.014 2.4067 19.6126
5.014 2.11384 20.935
5.014 1.91347 22.0201
5.014 1.72872 23.1776
5.014 1.55371 24.4699
5.014 1.37325 26.0603
5.014 1.02565 30.4689
5.014 2.37278 20.709
5.014 2.11373 21.9685
5.014 1.91385 23.1024
5.014 1.7287 24.3266
5.014 1.55336 25.6906
5.014 1.37348 27.3514
5.014 1.0253 32.0253
5.014 2.33482 21.8339
5.014 2.1135 22.994
5.014 1.91372 24.1827
5.014 1.72851 25.4647
5.014 1.55338 26.8895
5.014 1.3737 28.6319
5.014 1.02003 33.6239
5.014 2.28243 23.3563
5.014 2.10949 25.0329
5.014 1.91373 26.3885
5.014 1.72905 27.7439
5.014 1.55383 29.3071
5.014 1.37363 31.2979
5.014 1.03183 36.4752
5.014 0 0
5.014 2.05258 27.7313
5.014 1.90009 29.6527
5.014 1.72768 31.5871
5.014 1.5535 33.3319
5.014 1.37438 35.4814
5.014 1.03191 41.5101
5.014 0 0
5.014 0 0
5.014 0 0
5.014 1.69888 34.4949
5.014 1.54817 36.8898
5.014 1.3706 40.1151
5.014 1.10242 45.0142
